FRAMES = 10
HIGH = 0.502287
LOW = 0.102068
AVG = 0.214604
