FRAMES = 10
HIGH = 6.9841
LOW = 3.40898
AVG = 4.70685
