FRAMES = 10
HIGH = 13.92
LOW = 4.99722
AVG = 7.78879
