FRAMES = 10
HIGH = 6.5066
LOW = 4.36712
AVG = 5.43804
